596691050097
553782588660
597413747009
660252963661
642055150493
542849257776
597356983330
559994909997
669022541540
567407292856
641620020542
568056167482
625096535010
644606577429
604718177429
573072607996
634542454664
633902677897
669779094397
600361751369
620574667491
651299465256
604019393105
625464968346
592564353224
663881196527
644829703060
528871992485
625586203748
605712993542
544698179796
637349304524
575169769753
656785282031
592599315062
619358029690
588850213033
642284403648
543352422873
624975188032
668800709385
636314454684
599836736031
615191938257
546737246230
578930611222
584067331437
652522211254
647067675432
650451805841
569812291727
669388084651
536433604846
620759557121
534426041467
600027694159
631115619542
635650831017
611343014690
634161036303
621916967827
616128632951
635822330234
617100368523
617252836309
42806804516
649216100481
554374731294
666932563201
669400906783
662728991740
610039698651
654101033823
648878266883
550388220978
601997104413
644841898242
573031293585
560501126361
635128309886
43017823219
628891152474
42656709238
656394952305
570190325058
617447374783
646858049125
641255292176
650090802103
535386853551
575553155642
650084369936
621249851666
658356647211
531370983580
658708986645
626893677977
643195868394
656423355656
586283900560
537967910868
634494257724
536678798139
39507852301
1205990561
595660033457
660919371584
659072722784
557336102682
605042117856
641720255686
621362752870
641203986351
651888506716
631186992802
521397652407
670265919289
595478873476
558436274646
625244190943
644964854097
1127262044
575775875736
555817245788
614014618184
623779726045
619962094033
654994738860
630496105293
634821881996
521922588665
667719847847
640263749176
659270377239
601062243294
621896459902
